image: /home/kellen/1.pgm
resolution: 0.100000
origin: [-91.100003, -7.900000, -nan]
negate: 0
occupied_thresh: 0.65
free_thresh: 0.196

